camera_matrix:
- [1614.46832, 0.0, 670.14106]
- [0.0, 1616.74915, 357.73912]
- [0.0, 0.0, 1.0]
dist_coeff:
- [0.07893, -1.37380, -0.00530, 0.00830,
  0.0]
height: 792
width: 1408
