camera_matrix:
- [1041.95907, 0.0, 413.96500]
- [0.0, 1041.70230, 212.73936]
- [0.0, 0.0, 1.0]
dist_coeff:
- [0.16525, 0.03475, 0.00321, -0.00073, 0.00000]
height: 504
width: 896
