camera_matrix:
- [1027.3889309, 0.0, 426.45340182]
- [0.0, 1028.8403682, 227.65216727]
- [0.0, 0.0, 1.0]
dist_coeff:
- [0.07893, -1.37380, -0.00530, 0.00830,
  0.0]
height: 504
width: 896
