camera_matrix:
- [1247.64294553, 0.0, 401.9889542361556]
- [0.0, 1246.27184319, 179.02511993572065]
- [0.0, 0.0, 1.0]
dist_coeff:
- [0.1611302127599187, 0.11645978908419138, -0.020783847362699993, -0.006686827095385685,
  0.0]
height: 504
width: 896
