camera_matrix:
- [1039.7024546115156, 0.0, 442.18784966]
- [0.0, 1038.5598693279526, 196.927631929]
- [0.0, 0.0, 1.0]
dist_coeff:
- [0.1611302127599187, 0.11645978908419138, -0.020783847362699993, -0.006686827095385685,
  0.0]
height: 504
width: 896
