camera_matrix:
- [1130.12782399, 0.0, 426.45340182]
- [0.0, 1131.72440502, 227.65216727]
- [0.0, 0.0, 1.0]
dist_coeff:
- [0.07893, -1.37380, -0.00530, 0.00830,
  0.0]
height: 504
width: 896
